45
Triplostegia_glandulifera       0.0000000 0.0224047 0.0348403 0.0225820 0.0321837 0.0897498 0.1042191 0.0881016 0.0884711 0.0879241 0.0879241 0.1101082 0.0937173 0.0893993 0.0793271 0.1063075 0.1227624 0.1226102 0.1212747 0.1200233 0.1200233 0.1153149 0.1194769 0.1147343 0.1147343 0.1153149 0.1194769 0.1153149 0.0974051 0.0974051 0.0998561 0.0998561 0.1022827 0.1003050 0.1001563 0.1023456 0.1046199 0.1021413 0.1068522 0.1068522 0.1053047 0.1046199 0.1068097 0.1068097 0.1094357 
Patrinia_saniculifolia          0.0224047 0.0000000 0.0147470 0.0102014 0.0206355 0.0726026 0.0851505 0.0721874 0.0710503 0.0720644 0.0720644 0.0949227 0.0769846 0.0733532 0.0687976 0.0926196 0.1066388 0.1065133 0.1047941 0.1051026 0.1051026 0.1005477 0.1044347 0.0998432 0.0998432 0.1005477 0.1044347 0.1005477 0.0861522 0.0861522 0.0884373 0.0884373 0.0907034 0.0888132 0.0886887 0.0907561 0.0928944 0.0905846 0.0949952 0.0949952 0.0934693 0.0928944 0.0998059 0.0998059 0.1022819 
Patrinia_gibbosa                0.0348403 0.0147470 0.0000000 0.0229760 0.0325421 0.0868730 0.1013462 0.0876571 0.0863589 0.0875044 0.0875044 0.1127259 0.0939141 0.0902495 0.0843034 0.1084096 0.1225709 0.1224233 0.1209084 0.1237625 0.1237625 0.1192048 0.1232693 0.1186818 0.1186818 0.1192048 0.1232693 0.1192048 0.1048616 0.1048616 0.1072677 0.1072677 0.1096465 0.1077366 0.1075815 0.1097123 0.1119319 0.1094993 0.1141094 0.1141094 0.1126441 0.1119319 0.1191970 0.1191970 0.1218232 
Patrinia_villosa                0.0225820 0.0102014 0.0229760 0.0000000 0.0219273 0.0743948 0.0869778 0.0739664 0.0728249 0.0738395 0.0738395 0.0983706 0.0801826 0.0765280 0.0719937 0.0976995 0.1136710 0.1135347 0.1120896 0.1147305 0.1147305 0.1101248 0.1141454 0.1095056 0.1095056 0.1101248 0.1141454 0.1101248 0.0920415 0.0920415 0.0943933 0.0943933 0.0967235 0.0948032 0.0946674 0.0968258 0.0990178 0.0966389 0.1011229 0.1011229 0.0996441 0.0990178 0.1061318 0.1061318 0.1086887 
Nardostachys_jatamansi          0.0321837 0.0206355 0.0325421 0.0219273 0.0000000 0.0856864 0.1003555 0.0851856 0.0840511 0.0850382 0.0850382 0.1102181 0.0914559 0.0877819 0.0818120 0.1151230 0.1312601 0.1310995 0.1258045 0.1287978 0.1287978 0.1242182 0.1283512 0.1237434 0.1237434 0.1242182 0.1283512 0.1242182 0.1072335 0.1072335 0.1096552 0.1096552 0.1120485 0.1101362 0.1099771 0.1121161 0.1143462 0.1118977 0.1165338 0.1165338 0.1150764 0.1143462 0.1216577 0.1216577 0.1243035 
Valeriana_dioica                0.0897498 0.0726026 0.0868730 0.0743948 0.0856864 0.0000000 0.0319668 0.0226360 0.0202923 0.0226002 0.0226002 0.0479966 0.0250798 0.0226295 0.0486787 0.0856482 0.0813667 0.0812735 0.0806319 0.0860277 0.0860277 0.0869393 0.0907089 0.0879759 0.0879759 0.0869393 0.0907089 0.0869393 0.0689748 0.0689748 0.0711687 0.0711687 0.0711687 0.0714657 0.0713671 0.0735919 0.0756790 0.0734549 0.0753537 0.0753537 0.0761400 0.0756790 0.0823453 0.0823453 0.0847131 
Valeriana_edulis                0.1042191 0.0851505 0.1013462 0.0869778 0.1003555 0.0319668 0.0000000 0.0230371 0.0218822 0.0230261 0.0230261 0.0410478 0.0180806 0.0156268 0.0509663 0.0910322 0.0827382 0.0826419 0.0820074 0.0875307 0.0875307 0.0847786 0.0885951 0.0858045 0.0858045 0.0847786 0.0885951 0.0847786 0.0766559 0.0766559 0.0789263 0.0789263 0.0789263 0.0792637 0.0791518 0.0814548 0.0836017 0.0812996 0.0832357 0.0832357 0.0841247 0.0836017 0.0880596 0.0880596 0.0904989 
Centranthus_lecoqii             0.0881016 0.0721874 0.0876571 0.0739664 0.0851856 0.0226360 0.0230371 0.0000000 0.0058353 0.0046315 0.0046315 0.0376405 0.0165130 0.0141159 0.0407116 0.0747280 0.0708242 0.0707442 0.0734667 0.0786386 0.0786386 0.0777034 0.0814030 0.0786211 0.0786211 0.0777034 0.0814030 0.0777034 0.0625899 0.0625899 0.0647473 0.0647473 0.0647473 0.0650152 0.0649263 0.0671135 0.0691764 0.0669896 0.0688802 0.0688802 0.0695944 0.0691764 0.0757362 0.0757362 0.0780580 
Centranthus_sieberi             0.0884711 0.0710503 0.0863589 0.0728249 0.0840511 0.0202923 0.0218822 0.0058353 0.0000000 0.0081749 0.0081749 0.0402457 0.0165593 0.0141554 0.0395479 0.0752242 0.0712802 0.0711991 0.0739462 0.0791657 0.0791657 0.0782282 0.0819549 0.0791594 0.0791594 0.0782282 0.0819549 0.0782282 0.0652563 0.0652563 0.0674458 0.0674458 0.0674458 0.0677281 0.0676344 0.0698545 0.0719438 0.0697241 0.0716329 0.0716329 0.0723834 0.0719438 0.0786004 0.0786004 0.0809603 
Centranthus_calcitrapae_CC25    0.0879241 0.0720644 0.0875044 0.0738395 0.0850382 0.0226002 0.0230261 0.0046315 0.0081749 0.0000000 0.0000010 0.0388379 0.0164873 0.0140940 0.0406447 0.0747934 0.0743351 0.0742506 0.0735298 0.0787088 0.0787088 0.0777724 0.0814755 0.0786927 0.0786927 0.0777724 0.0814755 0.0777724 0.0625899 0.0625899 0.0647473 0.0647473 0.0647473 0.0650152 0.0649263 0.0651381 0.0671984 0.0650179 0.0669103 0.0669103 0.0676043 0.0671984 0.0757362 0.0757362 0.0780580 
Centranthus_calcitrapae_CC539   0.0879241 0.0720644 0.0875044 0.0738395 0.0850382 0.0226002 0.0230261 0.0046315 0.0081749 0.0000010 0.0000000 0.0388379 0.0164873 0.0140940 0.0406447 0.0747934 0.0743351 0.0742506 0.0735298 0.0787088 0.0787088 0.0777724 0.0814755 0.0786927 0.0786927 0.0777724 0.0814755 0.0777724 0.0625899 0.0625899 0.0647473 0.0647473 0.0647473 0.0650152 0.0649263 0.0651381 0.0671984 0.0650179 0.0669103 0.0669103 0.0676043 0.0671984 0.0757362 0.0757362 0.0780580 
Plectritis_congesta             0.1101082 0.0949227 0.1127259 0.0983706 0.1102181 0.0479966 0.0410478 0.0376405 0.0402457 0.0388379 0.0388379 0.0000000 0.0312558 0.0287729 0.0661920 0.0971346 0.0889197 0.0888166 0.0938448 0.0959272 0.0959272 0.1007521 0.1046464 0.0999803 0.0999803 0.1007521 0.1046464 0.1007521 0.0800868 0.0800868 0.0823505 0.0823505 0.0823505 0.0827000 0.0802287 0.0848803 0.0870149 0.0847197 0.0866377 0.0866377 0.0875551 0.0870149 0.0894573 0.0894573 0.0918841 
Valeriana_albonervata           0.0937173 0.0769846 0.0939141 0.0801826 0.0914559 0.0250798 0.0180806 0.0165130 0.0165593 0.0164873 0.0164873 0.0312558 0.0000000 0.0046426 0.0496121 0.0744961 0.0722693 0.0721878 0.0714470 0.0729818 0.0729818 0.0755907 0.0792605 0.0764784 0.0764784 0.0755907 0.0792605 0.0755907 0.0624067 0.0624067 0.0645574 0.0645574 0.0645574 0.0648239 0.0647354 0.0669159 0.0689727 0.0667927 0.0686782 0.0686782 0.0693883 0.0689727 0.0755122 0.0755122 0.0778265 
Valeriana_nivalis               0.0893993 0.0733532 0.0902495 0.0765280 0.0877819 0.0226295 0.0156268 0.0141159 0.0141554 0.0140940 0.0140940 0.0287729 0.0046426 0.0000000 0.0432217 0.0745774 0.0707315 0.0706516 0.0715951 0.0712837 0.0712837 0.0738693 0.0775301 0.0747363 0.0747363 0.0738693 0.0775301 0.0739857 0.0624874 0.0624874 0.0646411 0.0646411 0.0646411 0.0647600 0.0648195 0.0670031 0.0690626 0.0668796 0.0687673 0.0687673 0.0693190 0.0690626 0.0756111 0.0756111 0.0779289 
Valeriana_celtica               0.0793271 0.0687976 0.0843034 0.0719937 0.0818120 0.0486787 0.0509663 0.0407116 0.0395479 0.0406447 0.0406447 0.0661920 0.0496121 0.0432217 0.0000000 0.0669813 0.0633156 0.0633156 0.0641030 0.0652928 0.0652928 0.0652928 0.0689116 0.0660572 0.0660572 0.0652928 0.0689116 0.0652928 0.0446551 0.0446551 0.0467414 0.0467414 0.0467414 0.0469331 0.0468694 0.0488515 0.0508711 0.0487623 0.0528672 0.0528672 0.0511749 0.0508711 0.0530106 0.0530106 0.0552046 
Valerianella_fusiformis         0.1063075 0.0926196 0.1084096 0.0976995 0.1151230 0.0856482 0.0910322 0.0747280 0.0752242 0.0747934 0.0747934 0.0971346 0.0744961 0.0745774 0.0669813 0.0000000 0.0496067 0.0495511 0.0550369 0.0544622 0.0544622 0.0551032 0.0586714 0.0555713 0.0555713 0.0551032 0.0586714 0.0534291 0.0443890 0.0443890 0.0464614 0.0464614 0.0484018 0.0466507 0.0465878 0.0464430 0.0484393 0.0463591 0.0525463 0.0525463 0.0487256 0.0484393 0.0567578 0.0567578 0.0589593 
Fedia_cornucopiae_FC73          0.1227624 0.1066388 0.1225709 0.1136710 0.1312601 0.0813667 0.0827382 0.0708242 0.0712802 0.0743351 0.0743351 0.0889197 0.0722693 0.0707315 0.0633156 0.0496067 0.0000000 0.0000010 0.0440032 0.0448527 0.0448527 0.0453036 0.0487246 0.0458158 0.0458158 0.0453036 0.0487246 0.0453036 0.0302388 0.0302388 0.0322257 0.0322257 0.0341244 0.0323541 0.0323114 0.0363122 0.0382713 0.0362474 0.0381098 0.0381098 0.0384945 0.0382713 0.0463847 0.0463847 0.0485166 
Fedia_cornucopiae_FCO0303       0.1226102 0.1065133 0.1224233 0.1135347 0.1310995 0.0812735 0.0826419 0.0707442 0.0711991 0.0742506 0.0742506 0.0888166 0.0721878 0.0706516 0.0633156 0.0495511 0.0000010 0.0000000 0.0439548 0.0448024 0.0448024 0.0452523 0.0486692 0.0457633 0.0457633 0.0452523 0.0486692 0.0452523 0.0301989 0.0301989 0.0321831 0.0321831 0.0340792 0.0323111 0.0322685 0.0362637 0.0382201 0.0361991 0.0380590 0.0380590 0.0384427 0.0382201 0.0463220 0.0463220 0.0484507 
Valerianella_echinata_VEC0101   0.1212747 0.1047941 0.1209084 0.1120896 0.1258045 0.0806319 0.0820074 0.0734667 0.0739462 0.0735298 0.0735298 0.0938448 0.0714470 0.0715951 0.0641030 0.0550369 0.0440032 0.0439548 0.0000000 0.0218343 0.0218343 0.0220479 0.0252914 0.0222247 0.0222247 0.0220479 0.0252914 0.0220804 0.0343204 0.0343204 0.0363372 0.0363372 0.0363372 0.0364833 0.0364347 0.0344116 0.0344552 0.0343502 0.0383095 0.0383095 0.0346562 0.0344552 0.0485101 0.0485101 0.0506590 
Valerianella_carinata_VCA0104   0.1200233 0.1051026 0.1237625 0.1147305 0.1287978 0.0860277 0.0875307 0.0786386 0.0791657 0.0787088 0.0787088 0.0959272 0.0729818 0.0712837 0.0652928 0.0544622 0.0448527 0.0448024 0.0218343 0.0000000 0.0000010 0.0030510 0.0061240 0.0030835 0.0030835 0.0030510 0.0061240 0.0030553 0.0351943 0.0351943 0.0372653 0.0372653 0.0372653 0.0374190 0.0373679 0.0352257 0.0372985 0.0352257 0.0392894 0.0392894 0.0375217 0.0372985 0.0497668 0.0497668 0.0519767 
Valerianella_carinata_VCA0405   0.1200233 0.1051026 0.1237625 0.1147305 0.1287978 0.0860277 0.0875307 0.0786386 0.0791657 0.0787088 0.0787088 0.0959272 0.0729818 0.0712837 0.0652928 0.0544622 0.0448527 0.0448024 0.0218343 0.0000010 0.0000000 0.0030510 0.0061240 0.0030835 0.0030835 0.0030510 0.0061240 0.0030553 0.0351943 0.0351943 0.0372653 0.0372653 0.0372653 0.0374190 0.0373679 0.0352257 0.0372985 0.0352257 0.0392894 0.0392894 0.0375217 0.0372985 0.0497668 0.0497668 0.0519767 
Valerianella_carinata_VCA0918   0.1153149 0.1005477 0.1192048 0.1101248 0.1242182 0.0869393 0.0847786 0.0777034 0.0782282 0.0777724 0.0777724 0.1007521 0.0755907 0.0738693 0.0652928 0.0551032 0.0453036 0.0452523 0.0220479 0.0030510 0.0030510 0.0000000 0.0030531 0.0000010 0.0000010 0.0000010 0.0030531 0.0000010 0.0334417 0.0334417 0.0355199 0.0355199 0.0355199 0.0356673 0.0356183 0.0334717 0.0355518 0.0334717 0.0375537 0.0375537 0.0357658 0.0355518 0.0480736 0.0480736 0.0502903 
Valerianella_carinata_VCA0302   0.1194769 0.1044347 0.1232693 0.1141454 0.1283512 0.0907089 0.0885951 0.0814030 0.0819549 0.0814755 0.0814755 0.1046464 0.0792605 0.0775301 0.0689116 0.0586714 0.0487246 0.0486692 0.0252914 0.0061240 0.0061240 0.0030531 0.0000000 0.0030856 0.0030856 0.0030531 0.0000010 0.0030574 0.0354769 0.0354769 0.0375656 0.0375656 0.0375656 0.0377218 0.0376698 0.0355088 0.0375993 0.0355088 0.0396066 0.0396066 0.0378261 0.0375993 0.0501745 0.0501745 0.0524044 
Valerianella_carinata_VCA0501   0.1147343 0.0998432 0.1186818 0.1095056 0.1237434 0.0879759 0.0858045 0.0786211 0.0791594 0.0786927 0.0786927 0.0999803 0.0764784 0.0747363 0.0660572 0.0555713 0.0458158 0.0457633 0.0222247 0.0030835 0.0030835 0.0000010 0.0030856 0.0000000 0.0000010 0.0000010 0.0030856 0.0000010 0.0339024 0.0339024 0.0360108 0.0360108 0.0360108 0.0361624 0.0361120 0.0339332 0.0360436 0.0339332 0.0380736 0.0380736 0.0362636 0.0360436 0.0487482 0.0487482 0.0509991 
Valerianella_carinata_VCA1006   0.1147343 0.0998432 0.1186818 0.1095056 0.1237434 0.0879759 0.0858045 0.0786211 0.0791594 0.0786927 0.0786927 0.0999803 0.0764784 0.0747363 0.0660572 0.0555713 0.0458158 0.0457633 0.0222247 0.0030835 0.0030835 0.0000010 0.0030856 0.0000010 0.0000000 0.0000010 0.0030856 0.0000010 0.0339024 0.0339024 0.0360108 0.0360108 0.0360108 0.0361624 0.0361120 0.0339332 0.0360436 0.0339332 0.0380736 0.0380736 0.0362636 0.0360436 0.0487482 0.0487482 0.0509991 
Valerianella_carinata_VCA1202   0.1153149 0.1005477 0.1192048 0.1101248 0.1242182 0.0869393 0.0847786 0.0777034 0.0782282 0.0777724 0.0777724 0.1007521 0.0755907 0.0738693 0.0652928 0.0551032 0.0453036 0.0452523 0.0220479 0.0030510 0.0030510 0.0000010 0.0030531 0.0000010 0.0000010 0.0000000 0.0030531 0.0000010 0.0334417 0.0334417 0.0355199 0.0355199 0.0355199 0.0356673 0.0356183 0.0334717 0.0355518 0.0334717 0.0375537 0.0375537 0.0357658 0.0355518 0.0480736 0.0480736 0.0502903 
Valerianella_carinata_VCA0308   0.1194769 0.1044347 0.1232693 0.1141454 0.1283512 0.0907089 0.0885951 0.0814030 0.0819549 0.0814755 0.0814755 0.1046464 0.0792605 0.0775301 0.0689116 0.0586714 0.0487246 0.0486692 0.0252914 0.0061240 0.0061240 0.0030531 0.0000010 0.0030856 0.0030856 0.0030531 0.0000000 0.0030574 0.0354769 0.0354769 0.0375656 0.0375656 0.0375656 0.0377218 0.0376698 0.0355088 0.0375993 0.0355088 0.0396066 0.0396066 0.0378261 0.0375993 0.0501745 0.0501745 0.0524044 
Valerianella_locusta            0.1153149 0.1005477 0.1192048 0.1101248 0.1242182 0.0869393 0.0847786 0.0777034 0.0782282 0.0777724 0.0777724 0.1007521 0.0755907 0.0739857 0.0652928 0.0534291 0.0453036 0.0452523 0.0220804 0.0030553 0.0030553 0.0000010 0.0030574 0.0000010 0.0000010 0.0000010 0.0030574 0.0000000 0.0314718 0.0314718 0.0335437 0.0335437 0.0335437 0.0336828 0.0336365 0.0315001 0.0335738 0.0315001 0.0355739 0.0355739 0.0337759 0.0335738 0.0460661 0.0460661 0.0482740 
Valerianella_discoidea_VDI0412  0.0974051 0.0861522 0.1048616 0.0920415 0.1072335 0.0689748 0.0766559 0.0625899 0.0652563 0.0625899 0.0625899 0.0800868 0.0624067 0.0624874 0.0446551 0.0443890 0.0302388 0.0301989 0.0343204 0.0351943 0.0351943 0.0334417 0.0354769 0.0339024 0.0339024 0.0334417 0.0354769 0.0314718 0.0000000 0.0000010 0.0018017 0.0018017 0.0018017 0.0018085 0.0018062 0.0091211 0.0109583 0.0091056 0.0109139 0.0109139 0.0110192 0.0109583 0.0184389 0.0184389 0.0203630 
Valerianella_discoidea_VDI0202  0.0974051 0.0861522 0.1048616 0.0920415 0.1072335 0.0689748 0.0766559 0.0625899 0.0652563 0.0625899 0.0625899 0.0800868 0.0624067 0.0624874 0.0446551 0.0443890 0.0302388 0.0301989 0.0343204 0.0351943 0.0351943 0.0334417 0.0354769 0.0339024 0.0339024 0.0334417 0.0354769 0.0314718 0.0000010 0.0000000 0.0018017 0.0018017 0.0018017 0.0018085 0.0018062 0.0091211 0.0109583 0.0091056 0.0109139 0.0109139 0.0110192 0.0109583 0.0184389 0.0184389 0.0203630 
Valerianella_coronata_VCO0218   0.0998561 0.0884373 0.1072677 0.0943933 0.1096552 0.0711687 0.0789263 0.0647473 0.0674458 0.0647473 0.0647473 0.0823505 0.0645574 0.0646411 0.0467414 0.0464614 0.0322257 0.0321831 0.0363372 0.0372653 0.0372653 0.0355199 0.0375656 0.0360108 0.0360108 0.0355199 0.0375656 0.0335437 0.0018017 0.0018017 0.0000000 0.0000010 0.0000010 0.0000010 0.0000010 0.0109771 0.0128217 0.0109583 0.0127698 0.0127698 0.0128931 0.0128217 0.0203426 0.0203426 0.0222800 
Valerianella_coronata_VCO0119   0.0998561 0.0884373 0.1072677 0.0943933 0.1096552 0.0711687 0.0789263 0.0647473 0.0674458 0.0647473 0.0647473 0.0823505 0.0645574 0.0646411 0.0467414 0.0464614 0.0322257 0.0321831 0.0363372 0.0372653 0.0372653 0.0355199 0.0375656 0.0360108 0.0360108 0.0355199 0.0375656 0.0335437 0.0018017 0.0018017 0.0000010 0.0000000 0.0000010 0.0000010 0.0000010 0.0109771 0.0128217 0.0109583 0.0127698 0.0127698 0.0128931 0.0128217 0.0203426 0.0203426 0.0222800 
Valerianella_coronata_VCO0705   0.1022827 0.0907034 0.1096465 0.0967235 0.1120485 0.0711687 0.0789263 0.0647473 0.0674458 0.0647473 0.0647473 0.0823505 0.0645574 0.0646411 0.0467414 0.0484018 0.0341244 0.0340792 0.0363372 0.0372653 0.0372653 0.0355199 0.0375656 0.0360108 0.0360108 0.0355199 0.0375656 0.0335437 0.0018017 0.0018017 0.0000010 0.0000010 0.0000000 0.0000010 0.0000010 0.0109771 0.0128217 0.0109583 0.0127698 0.0127698 0.0128931 0.0128217 0.0203426 0.0203426 0.0222800 
Valerianella_coronata           0.1003050 0.0888132 0.1077366 0.0948032 0.1101362 0.0714657 0.0792637 0.0650152 0.0677281 0.0650152 0.0650152 0.0827000 0.0648239 0.0647600 0.0469331 0.0466507 0.0323541 0.0323111 0.0364833 0.0374190 0.0374190 0.0356673 0.0377218 0.0361624 0.0361624 0.0356673 0.0377218 0.0336828 0.0018085 0.0018085 0.0000010 0.0000010 0.0000010 0.0000000 0.0000010 0.0110192 0.0128710 0.0110003 0.0128187 0.0128187 0.0128931 0.0128710 0.0204216 0.0204216 0.0223668 
Valerianella_pumila             0.1001563 0.0886887 0.1075815 0.0946674 0.1099771 0.0713671 0.0791518 0.0649263 0.0676344 0.0649263 0.0649263 0.0802287 0.0647354 0.0648195 0.0468694 0.0465878 0.0323114 0.0322685 0.0364347 0.0373679 0.0373679 0.0356183 0.0376698 0.0361120 0.0361120 0.0356183 0.0376698 0.0336365 0.0018062 0.0018062 0.0000010 0.0000010 0.0000010 0.0000010 0.0000000 0.0110053 0.0128548 0.0109865 0.0128025 0.0128025 0.0129266 0.0128548 0.0203953 0.0203953 0.0223379 
Valerianella_microcarpa_VMI0102 0.1023456 0.0907561 0.1097123 0.0968258 0.1121161 0.0735919 0.0814548 0.0671135 0.0698545 0.0651381 0.0651381 0.0848803 0.0669159 0.0670031 0.0488515 0.0464430 0.0363122 0.0362637 0.0344116 0.0352257 0.0352257 0.0334717 0.0355088 0.0339332 0.0339332 0.0334717 0.0355088 0.0315001 0.0091211 0.0091211 0.0109771 0.0109771 0.0109771 0.0110192 0.0110053 0.0000000 0.0018090 0.0000010 0.0054493 0.0054493 0.0018189 0.0018090 0.0165705 0.0165705 0.0184845 
Valerianella_eriocarpa_VER0402  0.1046199 0.0928944 0.1119319 0.0990178 0.1143462 0.0756790 0.0836017 0.0691764 0.0719438 0.0671984 0.0671984 0.0870149 0.0689727 0.0690626 0.0508711 0.0484393 0.0382713 0.0382201 0.0344552 0.0372985 0.0372985 0.0355518 0.0375993 0.0360436 0.0360436 0.0355518 0.0375993 0.0335738 0.0109583 0.0109583 0.0128217 0.0128217 0.0128217 0.0128710 0.0128548 0.0018090 0.0000000 0.0018059 0.0072744 0.0072744 0.0000010 0.0000010 0.0184341 0.0184341 0.0203578 
Valerianella_eriocarpa_VER0208  0.1021413 0.0905846 0.1094993 0.0966389 0.1118977 0.0734549 0.0812996 0.0669896 0.0697241 0.0650179 0.0650179 0.0847197 0.0667927 0.0668796 0.0487623 0.0463591 0.0362474 0.0361991 0.0343502 0.0352257 0.0352257 0.0334717 0.0355088 0.0339332 0.0339332 0.0334717 0.0355088 0.0315001 0.0091056 0.0091056 0.0109583 0.0109583 0.0109583 0.0110003 0.0109865 0.0000010 0.0018059 0.0000000 0.0054401 0.0054401 0.0018159 0.0018059 0.0165421 0.0165421 0.0184526 
Valerianella_rimosa_VRI0101     0.1068522 0.0949952 0.1141094 0.1011229 0.1165338 0.0753537 0.0832357 0.0688802 0.0716329 0.0669103 0.0669103 0.0866377 0.0686782 0.0687673 0.0528672 0.0525463 0.0381098 0.0380590 0.0383095 0.0392894 0.0392894 0.0375537 0.0396066 0.0380736 0.0380736 0.0375537 0.0396066 0.0355739 0.0109139 0.0109139 0.0127698 0.0127698 0.0127698 0.0128187 0.0128025 0.0054493 0.0072744 0.0054401 0.0000000 0.0000010 0.0073146 0.0072744 0.0222141 0.0222141 0.0241608 
Valerianella_rimosa_VR0202      0.1068522 0.0949952 0.1141094 0.1011229 0.1165338 0.0753537 0.0832357 0.0688802 0.0716329 0.0669103 0.0669103 0.0866377 0.0686782 0.0687673 0.0528672 0.0525463 0.0381098 0.0380590 0.0383095 0.0392894 0.0392894 0.0375537 0.0396066 0.0380736 0.0380736 0.0375537 0.0396066 0.0355739 0.0109139 0.0109139 0.0127698 0.0127698 0.0127698 0.0128187 0.0128025 0.0054493 0.0072744 0.0054401 0.0000010 0.0000000 0.0073146 0.0072744 0.0222141 0.0222141 0.0241608 
Valerianella_eriocarpa          0.1053047 0.0934693 0.1126441 0.0996441 0.1150764 0.0761400 0.0841247 0.0695944 0.0723834 0.0676043 0.0676043 0.0875551 0.0693883 0.0693190 0.0511749 0.0487256 0.0384945 0.0384427 0.0346562 0.0375217 0.0375217 0.0357658 0.0378261 0.0362636 0.0362636 0.0357658 0.0378261 0.0337759 0.0110192 0.0110192 0.0128931 0.0128931 0.0128931 0.0128931 0.0129266 0.0018189 0.0000010 0.0018159 0.0073146 0.0073146 0.0000000 0.0000010 0.0185375 0.0185375 0.0204724 
Valerianella_microcarpa         0.1046199 0.0928944 0.1119319 0.0990178 0.1143462 0.0756790 0.0836017 0.0691764 0.0719438 0.0671984 0.0671984 0.0870149 0.0689727 0.0690626 0.0508711 0.0484393 0.0382713 0.0382201 0.0344552 0.0372985 0.0372985 0.0355518 0.0375993 0.0360436 0.0360436 0.0355518 0.0375993 0.0335738 0.0109583 0.0109583 0.0128217 0.0128217 0.0128217 0.0128710 0.0128548 0.0018090 0.0000010 0.0018059 0.0072744 0.0072744 0.0000010 0.0000000 0.0184341 0.0184341 0.0203578 
Valerianella_radiata            0.1068097 0.0998059 0.1191970 0.1061318 0.1216577 0.0823453 0.0880596 0.0757362 0.0786004 0.0757362 0.0757362 0.0894573 0.0755122 0.0756111 0.0530106 0.0567578 0.0463847 0.0463220 0.0485101 0.0497668 0.0497668 0.0480736 0.0501745 0.0487482 0.0487482 0.0480736 0.0501745 0.0460661 0.0184389 0.0184389 0.0203426 0.0203426 0.0203426 0.0204216 0.0203953 0.0165705 0.0184341 0.0165421 0.0222141 0.0222141 0.0185375 0.0184341 0.0000000 0.0000010 0.0017994 
Valerianella_amarella           0.1068097 0.0998059 0.1191970 0.1061318 0.1216577 0.0823453 0.0880596 0.0757362 0.0786004 0.0757362 0.0757362 0.0894573 0.0755122 0.0756111 0.0530106 0.0567578 0.0463847 0.0463220 0.0485101 0.0497668 0.0497668 0.0480736 0.0501745 0.0487482 0.0487482 0.0480736 0.0501745 0.0460661 0.0184389 0.0184389 0.0203426 0.0203426 0.0203426 0.0204216 0.0203953 0.0165705 0.0184341 0.0165421 0.0222141 0.0222141 0.0185375 0.0184341 0.0000010 0.0000000 0.0017994 
Valerianella_florifera          0.1094357 0.1022819 0.1218232 0.1086887 0.1243035 0.0847131 0.0904989 0.0780580 0.0809603 0.0780580 0.0780580 0.0918841 0.0778265 0.0779289 0.0552046 0.0589593 0.0485166 0.0484507 0.0506590 0.0519767 0.0519767 0.0502903 0.0524044 0.0509991 0.0509991 0.0502903 0.0524044 0.0482740 0.0203630 0.0203630 0.0222800 0.0222800 0.0222800 0.0223668 0.0223379 0.0184845 0.0203578 0.0184526 0.0241608 0.0241608 0.0204724 0.0203578 0.0017994 0.0017994 0.0000000 
