30
Centranthus_calcitrapae_CC25    0.0000000 0.0011849 0.1910412 0.1793557 0.1768177 0.1825134 0.1797169 0.1821800 0.1768177 0.1797169 0.1786618 0.1786618 0.1850617 0.1850617 0.1870973 0.1850617 0.1886037 0.1785630 0.1785630 0.1645258 0.1834383 0.1854364 0.1970223 0.1786618 0.1794778 0.1861994 0.1873385 0.1850617 0.1886037 0.1906631 
Centranthus_calcitrapae_CC539   0.0011849 0.0000000 0.1932999 0.1815697 0.1790316 0.1847573 0.1819570 0.1844187 0.1790316 0.1819570 0.1808851 0.1808851 0.1874767 0.1874767 0.1895238 0.1874767 0.1909038 0.1809360 0.1809360 0.1666639 0.1858487 0.1878577 0.1991711 0.1808851 0.1816937 0.1884856 0.1897690 0.1874767 0.1909038 0.1929728 
Fedia_cornucopiae_FC73          0.1910412 0.1932999 0.0000000 0.1023589 0.1077653 0.1145883 0.1101034 0.1094230 0.1077653 0.1101034 0.1094928 0.1094928 0.1217884 0.1217884 0.1236542 0.1217884 0.1284251 0.1143837 0.1143837 0.0980706 0.1273889 0.1292444 0.1570739 0.1094190 0.1023589 0.1298714 0.1238075 0.1216982 0.1284251 0.1303238 
Valerianella_carinata_VCA0104   0.1793557 0.1815697 0.1023589 0.0000000 0.0110180 0.0166276 0.0124792 0.0151889 0.0110180 0.0124792 0.0124165 0.0124165 0.1129288 0.1129288 0.1107243 0.1129288 0.1106461 0.1072280 0.1072280 0.0612284 0.1005672 0.1023547 0.1397415 0.0124090 0.0000010 0.1022552 0.1149135 0.1128457 0.1106461 0.1125013 
Valerianella_carinata_VCA0202   0.1768177 0.1790316 0.1077653 0.0110180 0.0000000 0.0110600 0.0013781 0.0041172 0.0000010 0.0013781 0.0013712 0.0013712 0.1167062 0.1167062 0.1144744 0.1167062 0.1144466 0.1109567 0.1109567 0.0645984 0.1042665 0.1060662 0.1472485 0.0013704 0.0110245 0.1059627 0.1187095 0.1166199 0.1144466 0.1163153 
Valerianella_carinata_VCA0302   0.1825134 0.1847573 0.1145883 0.0166276 0.0110600 0.0000000 0.0125271 0.0152470 0.0110600 0.0125271 0.0124639 0.0124639 0.1205243 0.1205243 0.1182648 0.1205243 0.1182882 0.1147257 0.1147257 0.0740217 0.1080057 0.1098178 0.1512116 0.0124563 0.0166374 0.1097103 0.1225465 0.1204348 0.1182882 0.1201706 
Valerianella_carinata_VCA0501   0.1797169 0.1819570 0.1101034 0.0124792 0.0013781 0.0125271 0.0000000 0.0055266 0.0013781 0.0000010 0.0000010 0.0000010 0.1192626 0.1192626 0.1170014 0.1192626 0.1170077 0.1134523 0.1134523 0.0648781 0.1067099 0.1085265 0.1480229 0.0000010 0.0124866 0.1084198 0.1212884 0.1191737 0.1170077 0.1188948 
Valerianella_carinata_VCA0805   0.1821800 0.1844187 0.1094230 0.0151889 0.0041172 0.0152470 0.0055266 0.0000000 0.0041172 0.0055266 0.0054990 0.0054990 0.1220892 0.1220892 0.1198240 0.1220892 0.1198684 0.1162848 0.1162848 0.0676523 0.1095694 0.1113821 0.1523378 0.0054956 0.0151979 0.1112731 0.1220569 0.1219987 0.1198684 0.1217516 
Valerianella_carinata_VCA0918   0.1768177 0.1790316 0.1077653 0.0110180 0.0000010 0.0110600 0.0013781 0.0041172 0.0000000 0.0013781 0.0013712 0.0013712 0.1167062 0.1167062 0.1144744 0.1167062 0.1144466 0.1109567 0.1109567 0.0645984 0.1042665 0.1060662 0.1472485 0.0013704 0.0110245 0.1059627 0.1187095 0.1166199 0.1144466 0.1163153 
Valerianella_carinata_VCA1006   0.1797169 0.1819570 0.1101034 0.0124792 0.0013781 0.0125271 0.0000010 0.0055266 0.0013781 0.0000000 0.0000010 0.0000010 0.1192626 0.1192626 0.1170014 0.1192626 0.1170077 0.1134523 0.1134523 0.0648781 0.1067099 0.1085265 0.1480229 0.0000010 0.0124866 0.1084198 0.1212884 0.1191737 0.1170077 0.1188948 
Valerianella_carinata_VCA1106   0.1786618 0.1808851 0.1094928 0.0124165 0.0013712 0.0124639 0.0000010 0.0054990 0.0013712 0.0000010 0.0000000 0.0000010 0.1185361 0.1185361 0.1162922 0.1185361 0.1162889 0.1127660 0.1127660 0.0646402 0.1060650 0.1078697 0.1489889 0.0000010 0.0124238 0.1077643 0.1205474 0.1184483 0.1162889 0.1181632 
Valerianella_carinata_VCA1202   0.1786618 0.1808851 0.1094928 0.0124165 0.0013712 0.0124639 0.0000010 0.0054990 0.0013712 0.0000010 0.0000010 0.0000000 0.1185361 0.1185361 0.1162922 0.1185361 0.1162889 0.1127660 0.1127660 0.0646402 0.1060650 0.1078697 0.1489889 0.0000010 0.0124238 0.1077643 0.1205474 0.1184483 0.1162889 0.1181632 
Valerianella_coronata_VCO0102   0.1850617 0.1874767 0.1217884 0.1129288 0.1167062 0.1205243 0.1192626 0.1220892 0.1167062 0.1192626 0.1185361 0.1185361 0.0000000 0.0000010 0.0014855 0.0000010 0.0560124 0.0165657 0.0165657 0.0990540 0.0524409 0.0540519 0.1410511 0.1185361 0.1130088 0.0542658 0.0014872 0.0000010 0.0560124 0.0576543 
Valerianella_coronata_VCO0218   0.1850617 0.1874767 0.1217884 0.1129288 0.1167062 0.1205243 0.1192626 0.1220892 0.1167062 0.1192626 0.1185361 0.1185361 0.0000010 0.0000000 0.0014855 0.0000010 0.0560124 0.0165657 0.0165657 0.0990540 0.0524409 0.0540519 0.1410511 0.1185361 0.1130088 0.0542658 0.0014872 0.0000010 0.0560124 0.0576543 
Valerianella_coronata_VCO0508   0.1870973 0.1895238 0.1236542 0.1107243 0.1144744 0.1182648 0.1170014 0.1198240 0.1144744 0.1170014 0.1162922 0.1162922 0.0014855 0.0014855 0.0000000 0.0014855 0.0576543 0.0180979 0.0180979 0.0969298 0.0540637 0.0556792 0.1429373 0.1162922 0.1108023 0.0558995 0.0029786 0.0014855 0.0576543 0.0593011 
Valerianella_coronata_VCO0705   0.1850617 0.1874767 0.1217884 0.1129288 0.1167062 0.1205243 0.1192626 0.1220892 0.1167062 0.1192626 0.1185361 0.1185361 0.0000010 0.0000010 0.0014855 0.0000000 0.0560124 0.0165657 0.0165657 0.0990540 0.0524409 0.0540519 0.1427322 0.1185361 0.1130088 0.0542658 0.0014872 0.0000010 0.0560124 0.0576543 
Valerianella_dentata_VDE0303    0.1886037 0.1909038 0.1284251 0.1106461 0.1144466 0.1182882 0.1170077 0.1198684 0.1144466 0.1170077 0.1162889 0.1162889 0.0560124 0.0560124 0.0576543 0.0560124 0.0000000 0.0511126 0.0511126 0.1014087 0.0243965 0.0259534 0.1476487 0.1162889 0.1107251 0.0244169 0.0577215 0.0560124 0.0000010 0.0014936 
Valerianella_discoidea_VDI0202  0.1785630 0.1809360 0.1143837 0.1072280 0.1109567 0.1147257 0.1134523 0.1162848 0.1109567 0.1134523 0.1127660 0.1127660 0.0165657 0.0165657 0.0180979 0.0165657 0.0511126 0.0000000 0.0000010 0.0932137 0.0475980 0.0491956 0.1333960 0.1127660 0.1073033 0.0493901 0.0181186 0.0165657 0.0511126 0.0494901 
Valerianella_discoidea_VDI0412  0.1785630 0.1809360 0.1143837 0.1072280 0.1109567 0.1147257 0.1134523 0.1162848 0.1109567 0.1134523 0.1127660 0.1127660 0.0165657 0.0165657 0.0180979 0.0165657 0.0511126 0.0000010 0.0000000 0.0932137 0.0475980 0.0491956 0.1333960 0.1127660 0.1073033 0.0493901 0.0181186 0.0165657 0.0511126 0.0494901 
Valerianella_echinata_VEC0101   0.1645258 0.1666639 0.0980706 0.0612284 0.0645984 0.0740217 0.0648781 0.0676523 0.0645984 0.0648781 0.0646402 0.0646402 0.0990540 0.0990540 0.0969298 0.0990540 0.1014087 0.0932137 0.0932137 0.0000000 0.0969920 0.0972042 0.1405216 0.0645984 0.0612271 0.0954502 0.1009880 0.0989816 0.1014087 0.1032344 
Valerianella_eriocarpa_VER0208  0.1834383 0.1858487 0.1273889 0.1005672 0.1042665 0.1080057 0.1067099 0.1095694 0.1042665 0.1067099 0.1060650 0.1060650 0.0524409 0.0524409 0.0540637 0.0524409 0.0243965 0.0475980 0.0475980 0.0969920 0.0000000 0.0014863 0.1390117 0.1060650 0.1006379 0.0074926 0.0541262 0.0524053 0.0243965 0.0259592 
Valerianella_eriocarpa_VER0402  0.1854364 0.1878577 0.1292444 0.1023547 0.1060662 0.1098178 0.1085265 0.1113821 0.1060662 0.1085265 0.1078697 0.1078697 0.0540519 0.0540519 0.0556792 0.0540519 0.0259534 0.0491956 0.0491956 0.0972042 0.0014863 0.0000000 0.1408601 0.1078697 0.1024267 0.0090020 0.0557436 0.0540151 0.0259534 0.0275203 
Valerianella_fusiformis_VFU0103 0.1970223 0.1991711 0.1570739 0.1397415 0.1472485 0.1512116 0.1480229 0.1523378 0.1472485 0.1480229 0.1489889 0.1489889 0.1410511 0.1410511 0.1429373 0.1427322 0.1476487 0.1333960 0.1333960 0.1405216 0.1390117 0.1408601 0.0000000 0.1489889 0.1398329 0.1413221 0.1431134 0.1410511 0.1476487 0.1495640 
Valerianella_locusta_VLO0505    0.1786618 0.1808851 0.1094190 0.0124090 0.0013704 0.0124563 0.0000010 0.0054956 0.0013704 0.0000010 0.0000010 0.0000010 0.1185361 0.1185361 0.1162922 0.1185361 0.1162889 0.1127660 0.1127660 0.0645984 0.1060650 0.1078697 0.1489889 0.0000000 0.0124163 0.1077643 0.1205474 0.1184483 0.1162889 0.1181632 
Valerianella_lusitanica_VLU0102 0.1794778 0.1816937 0.1023589 0.0000010 0.0110245 0.0166374 0.0124866 0.0151979 0.0110245 0.0124866 0.0124238 0.0124238 0.1130088 0.1130088 0.1108023 0.1130088 0.1107251 0.1073033 0.1073033 0.0612271 0.1006379 0.1024267 0.1398329 0.0124163 0.0000000 0.1023271 0.1149951 0.1129255 0.1107251 0.1125818 
Valerianella_microcarpa_VMI0102 0.1861994 0.1884856 0.1298714 0.1022552 0.1059627 0.1097103 0.1084198 0.1112731 0.1059627 0.1084198 0.1077643 0.1077643 0.0542658 0.0542658 0.0558995 0.0542658 0.0244169 0.0493901 0.0493901 0.0954502 0.0074926 0.0090020 0.1413221 0.1077643 0.1023271 0.0000000 0.0559645 0.0542658 0.0244169 0.0259809 
Valerianella_pumila_VPU0103     0.1873385 0.1897690 0.1238075 0.1149135 0.1187095 0.1225465 0.1212884 0.1220569 0.1187095 0.1212884 0.1205474 0.1205474 0.0014872 0.0014872 0.0029786 0.0014872 0.0577215 0.0181186 0.0181186 0.1009880 0.0541262 0.0557436 0.1431134 0.1205474 0.1149951 0.0559645 0.0000000 0.0014872 0.0577215 0.0593702 
Valerianella_pumila_VPU0402     0.1850617 0.1874767 0.1216982 0.1128457 0.1166199 0.1204348 0.1191737 0.1219987 0.1166199 0.1191737 0.1184483 0.1184483 0.0000010 0.0000010 0.0014855 0.0000010 0.0560124 0.0165657 0.0165657 0.0989816 0.0524053 0.0540151 0.1410511 0.1184483 0.1129255 0.0542658 0.0014872 0.0000000 0.0560124 0.0576543 
Valerianella_rimosa_VRI0101     0.1886037 0.1909038 0.1284251 0.1106461 0.1144466 0.1182882 0.1170077 0.1198684 0.1144466 0.1170077 0.1162889 0.1162889 0.0560124 0.0560124 0.0576543 0.0560124 0.0000010 0.0511126 0.0511126 0.1014087 0.0243965 0.0259534 0.1476487 0.1162889 0.1107251 0.0244169 0.0577215 0.0560124 0.0000000 0.0014936 
Valerianella_rimosa_VRI0201     0.1906631 0.1929728 0.1303238 0.1125013 0.1163153 0.1201706 0.1188948 0.1217516 0.1163153 0.1188948 0.1181632 0.1181632 0.0576543 0.0576543 0.0593011 0.0576543 0.0014936 0.0494901 0.0494901 0.1032344 0.0259592 0.0275203 0.1495640 0.1181632 0.1125818 0.0259809 0.0593702 0.0576543 0.0014936 0.0000000 
